CAMERA 0 0 1000  ORIENTATION -0.5 -0.3 -1
LIGHT -75 10 100  INTENSITY 1 1 1
SPHERE -600 25 -500  MATERIAL 0.1 1 0.1 0 0 0 0 0 0  RADIUS 15
SPHERE -600.0 25.0 -500  MATERIAL 0.32005724356 0.805518788551 0.991788398754 0 0 0 0 0 0  RADIUS 22
SPHERE -600.0 -175.0 -500  MATERIAL 0.40237326416 0.524243352657 0.891496351447 0 0 0 0 0 0  RADIUS 22
SPHERE -634.20202839 18.9692569619 -600  MATERIAL 0.0265387173707 0.566743991527 0.0313212983882 0 0 0 0 0 0  RADIUS 22
SPHERE -565.79797161 -168.969256962 -600  MATERIAL 0.979496337048 0.739249469184 0.682413093661 0 0 0 0 0 0  RADIUS 22
SPHERE -664.278783889 1.60442507954 -700  MATERIAL 0.288996784825 0.0950586853761 0.764129553367 0 0 0 0 0 0  RADIUS 22
SPHERE -535.721216111 -151.60442508 -700  MATERIAL 0.952224188902 0.604774641192 0.00954663709147 0 0 0 0 0 0  RADIUS 22
SPHERE -686.602562819 -25.0000388675 -800  MATERIAL 0.611184087905 0.247435824182 0.173716859982 0 0 0 0 0 0  RADIUS 22
SPHERE -513.397437181 -124.999961132 -800  MATERIAL 0.876981997883 0.548236712683 0.575621589465 0 0 0 0 0 0  RADIUS 22
SPHERE -698.480785692 -57.6352411647 -900  MATERIAL 0.993628129783 0.0230877105122 0.471683469809 0 0 0 0 0 0  RADIUS 22
SPHERE -501.519214308 -92.3647588353 -900  MATERIAL 0.51994883597 0.543244654185 0.547351386933 0 0 0 0 0 0  RADIUS 22
SPHERE -698.480762312 -92.3648914309 -1000  MATERIAL 0.00295771882771 0.738590984018 0.0698254646902 0 0 0 0 0 0  RADIUS 22
SPHERE -501.519237688 -57.6351085691 -1000  MATERIAL 0.311145045171 0.790341760732 0.234565030226 0 0 0 0 0 0  RADIUS 22
SPHERE -686.602495498 -125.000077735 -1100  MATERIAL 0.419882538438 0.0124346697105 0.518592428431 0 0 0 0 0 0  RADIUS 22
SPHERE -513.397504502 -24.999922265 -1100  MATERIAL 0.615756024696 0.605804530108 0.586557802838 0 0 0 0 0 0  RADIUS 22
SPHERE -664.278680748 -151.604511625 -1200  MATERIAL 0.0358258351956 0.672378337223 0.0595310300118 0 0 0 0 0 0  RADIUS 22
SPHERE -535.721319252 1.60451162508 -1200  MATERIAL 0.667715154005 0.543773729667 0.418651462311 0 0 0 0 0 0  RADIUS 22 
SPHERE -634.201901869 -168.969303012 -1300  MATERIAL 0.0281309294424 0.69177039432 0.633557612217 0 0 0 0 0 0  RADIUS 22
SPHERE -565.798098131 18.9693030118 -1300  MATERIAL 0.32524039711 0.452061525328 0.988992384655 0 0 0 0 0 0  RADIUS 22
SPHERE -599.999865359 -175.0 -1400  MATERIAL 0.44112626612 0.294369757274 0.611375948892 0 0 0 0 0 0  RADIUS 22
SPHERE -600.000134641 24.9999999999 -1400  MATERIAL 0.685361407178 0.056043267698 0.764334610848 0 0 0 0 0 0  RADIUS 22
SPHERE -565.797845088 -168.969210912 -1500  MATERIAL 0.126975046614 0.846200288073 0.564429496501 0 0 0 0 0 0  RADIUS 22
SPHERE -634.202154912 18.9692109119 -1500  MATERIAL 0.491013842505 0.049714858326 0.0549208422625 0 0 0 0 0 0  RADIUS 22
SPHERE -535.72111297 -151.604338534 -1600  MATERIAL 0.384352549879 0.932804289545 0.355043367548 0 0 0 0 0 0  RADIUS 22
SPHERE -664.27888703 1.60433853386 -1600  MATERIAL 0.657081006069 0.689185654441 0.60407744094 0 0 0 0 0 0  RADIUS 22
SPHERE -513.397369861 -124.99984453 -1700  MATERIAL 0.385444367892 0.685682422326 0.620051678758 0 0 0 0 0 0  RADIUS 22
SPHERE -686.602630139 -25.0001554701 -1700  MATERIAL 0.0242328709005 0.507657273866 0.106235242745 0 0 0 0 0 0  RADIUS 22
SPHERE -501.519190928 -92.3646262398 -1800  MATERIAL 0.917276175438 0.617280501227 0.339991542016 0 0 0 0 0 0  RADIUS 22
SPHERE -698.480809072 -57.6353737602 -1800  MATERIAL 0.651154659483 0.166629359315 0.962874833879 0 0 0 0 0 0  RADIUS 22
SPHERE -501.519261068 -57.6349759736 -1900  MATERIAL 0.927119025292 0.77927735666 0.60806697297 0 0 0 0 0 0  RADIUS 22
SPHERE -698.480738932 -92.3650240264 -1900  MATERIAL 0.655990259318 0.272798676145 0.98535300339 0 0 0 0 0 0  RADIUS 22
SPHERE -513.397571823 -24.9998056626 -2000  MATERIAL 0.130685875844 0.92093946787 0.975377405491 0 0 0 0 0 0  RADIUS 22
SPHERE -686.602428177 -125.000194337 -2000  MATERIAL 0.0797400175389 0.397477008074 0.412677031286 0 0 0 0 0 0  RADIUS 22
SPHERE -535.721422393 1.60459817049 -2100  MATERIAL 0.787974284177 0.146466999881 0.373471307674 0 0 0 0 0 0  RADIUS 22
SPHERE -664.278577607 -151.60459817 -2100  MATERIAL 0.471246425855 0.149549047392 0.353173646977 0 0 0 0 0 0  RADIUS 22
SPHERE -565.798224652 18.9693490615 -2200  MATERIAL 0.740520476499 0.771887252406 0.957356404572 0 0 0 0 0 0  RADIUS 22
SPHERE -634.201775348 -168.969349062 -2200  MATERIAL 0.455259397804 0.145482245545 0.645703435793 0 0 0 0 0 0  RADIUS 22
SPHERE -600.000269282 24.9999999996 -2300  MATERIAL 0.459465189099 0.975582685566 0.633243571669 0 0 0 0 0 0  RADIUS 22
SPHERE -599.999730718 -175.0 -2300  MATERIAL 0.0273239884418 0.619702140802 0.690065618184 0 0 0 0 0 0  RADIUS 22
SPHERE -634.202281433 18.9691648617 -2400  MATERIAL 0.70555749892 0.354907648922 0.594454189867 0 0 0 0 0 0  RADIUS 22
SPHERE -565.797718567 -168.969164862 -2400  MATERIAL 0.0276598898618 0.185711238826 0.635476482444 0 0 0 0 0 0  RADIUS 22
SPHERE -664.278990171 1.60425198804 -2500  MATERIAL 0.672953862498 0.314884197804 0.25005425113 0 0 0 0 0 0  RADIUS 22
SPHERE -535.721009829 -151.604251988 -2500  MATERIAL 0.0224407019227 0.866258166456 0.0554380468591 0 0 0 0 0 0  RADIUS 22
SPHERE -686.602697459 -25.0002720729 -2600  MATERIAL 0.759837397182 0.81491350742 0.492736918385 0 0 0 0 0 0  RADIUS 22
SPHERE -513.397302541 -124.999727927 -2600  MATERIAL 0.632984616038 0.98207182826 0.612926226361 0 0 0 0 0 0  RADIUS 22
SPHERE -698.480832452 -57.6355063558 -2700  MATERIAL 0.502132487354 0.315614209505 0.160577616431 0 0 0 0 0 0  RADIUS 22
SPHERE -501.519167548 -92.3644936442 -2700  MATERIAL 0.730330727174 0.155646140331 0.137263467844 0 0 0 0 0 0  RADIUS 22
SPHERE -698.480715551 -92.3651566218 -2800  MATERIAL 0.616660659536 0.449591273514 0.851834926679 0 0 0 0 0 0  RADIUS 22
SPHERE -501.519284449 -57.6348433782 -2800  MATERIAL 0.0424380495015 0.803334450938 0.50401522218 0 0 0 0 0 0  RADIUS 22
SPHERE -686.602360857 -125.00031094 -2900  MATERIAL 0.117439702764 0.310443230056 0.527798611345 0 0 0 0 0 0  RADIUS 22
SPHERE -513.397639143 -24.9996890602 -2900  MATERIAL 0.840501852257 0.0296870539287 0.138143086694 0 0 0 0 0 0  RADIUS 22
SPHERE -664.278474465 -151.604684716 -3000  MATERIAL 0.109797109569 0.443773065828 0.493981338816 0 0 0 0 0 0  RADIUS 22
SPHERE -535.721525535 1.60468471575 -3000  MATERIAL 0.219733604047 0.208664606118 0.2623203259 0 0 0 0 0 0  RADIUS 22
SPHERE -634.201648827 -168.969395111 -3100  MATERIAL 0.587996639701 0.906286626245 0.433785003662 0 0 0 0 0 0  RADIUS 22
SPHERE -565.798351173 18.969395111 -3100  MATERIAL 0.513147116939 0.936149588663 0.50263102154 0 0 0 0 0 0  RADIUS 22
SPHERE -599.999596077 -174.999999999 -3200  MATERIAL 0.964364611315 0.30249334396 0.502148259773 0 0 0 0 0 0  RADIUS 22
SPHERE -600.000403923 24.9999999992 -3200  MATERIAL 0.951596985498 0.565937220986 0.835611714558 0 0 0 0 0 0  RADIUS 22
SPHERE -565.797592046 -168.969118811 -3300  MATERIAL 0.664684177399 0.214629333573 0.0679683048778 0 0 0 0 0 0  RADIUS 22
SPHERE -634.202407954 18.9691188113 -3300  MATERIAL 0.559666752518 0.735880326782 0.167114838769 0 0 0 0 0 0  RADIUS 22
SPHERE -535.720906689 -151.604165442 -3400  MATERIAL 0.233909390277 0.997646772305 0.315150396809 0 0 0 0 0 0  RADIUS 22
SPHERE -664.279093311 1.60416544209 -3400  MATERIAL 0.552425334961 0.825814604268 0.362150389887 0 0 0 0 0 0  RADIUS 22
SPHERE -513.397235221 -124.999611324 -3500  MATERIAL 0.894035448708 0.0428778739627 0.779686704756 0 0 0 0 0 0  RADIUS 22
SPHERE -686.602764779 -25.0003886757 -3500  MATERIAL 0.656201674837 0.456901041029 0.759817099916 0 0 0 0 0 0  RADIUS 22
SPHERE -501.519144168 -92.3643610486 -3600  MATERIAL 0.141569997432 0.00113124808727 0.463336339144 0 0 0 0 0 0  RADIUS 22
SPHERE -698.480855832 -57.6356389514 -3600  MATERIAL 0.849911326716 0.514178440874 0.0953274020891 0 0 0 0 0 0  RADIUS 22
SPHERE -501.519307829 -57.6347107828 -3700  MATERIAL 0.6465222066 0.594551771003 0.096072165697 0 0 0 0 0 0  RADIUS 22
SPHERE -698.480692171 -92.3652892172 -3700  MATERIAL 0.462797841729 0.122524168472 0.467050584035 0 0 0 0 0 0  RADIUS 22
SPHERE -513.397706464 -24.9995724579 -3800  MATERIAL 0.954713721125 0.289273334093 0.604526252419 0 0 0 0 0 0  RADIUS 22
SPHERE -686.602293536 -125.000427542 -3800  MATERIAL 0.88505594091 0.925185391662 0.0555120980013 0 0 0 0 0 0  RADIUS 22
SPHERE -535.721628676 1.60477126088 -3900  MATERIAL 0.280289565471 0.222258313743 0.196406928766 0 0 0 0 0 0  RADIUS 22
SPHERE -664.278371324 -151.604771261 -3900  MATERIAL 0.0166673575128 0.147228927065 0.496887539263 0 0 0 0 0 0  RADIUS 22
SPHERE -565.798477695 18.9694411604 -4000  MATERIAL 0.118854646253 0.776278695097 0.720424261474 0 0 0 0 0 0  RADIUS 22
SPHERE -634.201522305 -168.96944116 -4000  MATERIAL 0.614901226794 0.357559475613 0.769663969784 0 0 0 0 0 0  RADIUS 22
SPHERE -600.000538564 24.9999999985 -4100  MATERIAL 0.202914567588 0.454725775457 0.794891115232 0 0 0 0 0 0  RADIUS 22
SPHERE -599.999461436 -174.999999999 -4100  MATERIAL 0.87478080452 0.14774954305 0.126742851699 0 0 0 0 0 0  RADIUS 22
SPHERE -634.202534475 18.9690727607 -4200  MATERIAL 0.77857828307 0.14537667708 0.603313156256 0 0 0 0 0 0  RADIUS 22
SPHERE -565.797465525 -168.969072761 -4200  MATERIAL 0.985180967323 0.960446029388 0.165571243781 0 0 0 0 0 0  RADIUS 22
SPHERE -664.279196452 1.60407889599 -4300  MATERIAL 0.228005954361 0.946895058605 0.445730759745 0 0 0 0 0 0  RADIUS 22
SPHERE -535.720803548 -151.604078896 -4300  MATERIAL 0.0668025819152 0.629638418248 0.564056015469 0 0 0 0 0 0  RADIUS 22
SPHERE -686.602832099 -25.0005052785 -4400  MATERIAL 0.382530951526 0.389936359669 0.508726280672 0 0 0 0 0 0  RADIUS 22
SPHERE -513.397167901 -124.999494721 -4400  MATERIAL 0.798545729008 0.769348461746 0.137156496371 0 0 0 0 0 0  RADIUS 22
SPHERE -698.480879211 -57.635771547 -4500  MATERIAL 0.55871524994 0.908796773445 0.967281366137 0 0 0 0 0 0  RADIUS 22
SPHERE -501.519120789 -92.364228453 -4500  MATERIAL 0.453778489848 0.484739390411 0.325244072163 0 0 0 0 0 0  RADIUS 22
SPHERE -698.48066879 -92.3654218126 -4600  MATERIAL 0.178942672257 0.627097659928 0.844644552644 0 0 0 0 0 0  RADIUS 22
SPHERE -501.51933121 -57.6345781874 -4600  MATERIAL 0.0414178487 0.549593206947 0.323129715107 0 0 0 0 0 0  RADIUS 22
SPHERE -686.602226214 -125.000544144 -4700  MATERIAL 0.866640651741 0.195808734071 0.687432323718 0 0 0 0 0 0  RADIUS 22
SPHERE -513.397773786 -24.9994558558 -4700  MATERIAL 0.469495727433 0.161434788725 0.335172077821 0 0 0 0 0 0  RADIUS 22
SPHERE -664.278268183 -151.604857806 -4800  MATERIAL 0.143870819618 0.457728325599 0.628330859994 0 0 0 0 0 0  RADIUS 22
SPHERE -535.721731817 1.60485780586 -4800  MATERIAL 0.859698094177 0.399008346532 0.627343381622 0 0 0 0 0 0  RADIUS 22
SPHERE -634.201395784 -168.96948721 -4900  MATERIAL 0.398259918403 0.90002805544 0.000309279494098 0 0 0 0 0 0  RADIUS 22
SPHERE -565.798604216 18.9694872096 -4900  MATERIAL 0.739421455261 0.948652686806 0.365073352748 0 0 0 0 0 0  RADIUS 22
SPHERE -599.999326795 -174.999999998 -5000  MATERIAL 0.381751608782 0.729930912385 0.630089633306 0 0 0 0 0 0  RADIUS 22
SPHERE -600.000673205 24.9999999977 -5000  MATERIAL 0.377765904008 0.196847839727 0.201093036781 0 0 0 0 0 0  RADIUS 22
SPHERE -565.797339004 -168.96902671 -5100  MATERIAL 0.222858405923 0.415993784068 0.823120864975 0 0 0 0 0 0  RADIUS 22
SPHERE -634.202660996 18.96902671 -5100  MATERIAL 0.413855377623 0.472612400957 0.0195774367623 0 0 0 0 0 0  RADIUS 22
SPHERE -535.720700408 -151.60399235 -5200  MATERIAL 0.176393096705 0.113563439701 0.566579896924 0 0 0 0 0 0  RADIUS 22
SPHERE -664.279299592 1.60399234975 -5200  MATERIAL 0.144991931332 0.225797086752 0.858697182353 0 0 0 0 0 0  RADIUS 22
SPHERE -513.397100581 -124.999378118 -5300  MATERIAL 0.874791466927 0.268137376774 0.382026422245 0 0 0 0 0 0  RADIUS 22
SPHERE -686.602899419 -25.0006218815 -5300  MATERIAL 0.358273938997 0.17313602302 0.100674890638 0 0 0 0 0 0  RADIUS 22
SPHERE -501.519097409 -92.3640958573 -5400  MATERIAL 0.939701584703 0.501366342899 0.778151172525 0 0 0 0 0 0  RADIUS 22
SPHERE -698.480902591 -57.6359041427 -5400  MATERIAL 0.500684868188 0.352552021504 0.682562859652 0 0 0 0 0 0  RADIUS 22
